%YAML:1.0
---
data: !!opencv-matrix
   rows: 16
   cols: 100
   dt: f
   data: [ 0., 0., 242., 255., 255., 255., 255., 242., 0., 0., 0., 255.,
       146., 0., 0., 0., 19., 255., 255., 0., 127., 255., 32., 0., 0.,
       0., 0., 127., 255., 127., 255., 255., 0., 0., 0., 0., 0., 0.,
       255., 255., 255., 255., 0., 0., 0., 0., 0., 0., 255., 255., 255.,
       255., 0., 0., 0., 0., 0., 0., 255., 255., 255., 255., 0., 0., 0.,
       0., 0., 0., 255., 255., 223., 255., 32., 0., 0., 0., 0., 127.,
       255., 127., 108., 255., 146., 0., 0., 0., 0., 255., 236., 0., 0.,
       0., 249., 255., 255., 255., 255., 121., 0., 0., 0., 255., 255.,
       255., 255., 255., 255., 255., 255., 102., 0., 51., 255., 8., 23.,
       38., 38., 38., 38., 15., 0., 51., 255., 0., 0., 0., 0., 0., 0.,
       0., 0., 51., 255., 0., 0., 0., 0., 0., 0., 0., 0., 255., 255.,
       255., 255., 255., 255., 255., 28., 0., 0., 0., 0., 0., 0., 0.,
       51., 255., 255., 102., 0., 0., 0., 0., 0., 0., 0., 255., 255.,
       156., 0., 0., 0., 0., 0., 0., 0., 255., 255., 102., 168., 0., 0.,
       0., 0., 0., 81., 255., 255., 0., 247., 255., 255., 255., 255.,
       255., 242., 0., 0., 0., 0., 51., 255., 255., 255., 255., 255.,
       255., 255., 102., 0., 51., 255., 51., 23., 38., 38., 38., 38.,
       15., 0., 51., 255., 51., 0., 0., 0., 0., 0., 0., 0., 51., 255.,
       18., 0., 0., 0., 0., 0., 0., 0., 51., 255., 255., 255., 255.,
       255., 255., 28., 0., 0., 0., 0., 0., 0., 0., 28., 255., 255.,
       171., 0., 0., 0., 0., 0., 0., 0., 166., 255., 255., 0., 0., 0.,
       0., 0., 0., 0., 255., 255., 255., 102., 31., 0., 0., 0., 0., 51.,
       255., 255., 87., 242., 255., 255., 255., 255., 255., 252., 242.,
       0., 0., 0., 0., 242., 255., 255., 255., 255., 242., 0., 0., 0.,
       255., 255., 19., 0., 0., 0., 146., 255., 0., 127., 255., 127., 0.,
       0., 0., 0., 127., 255., 223., 172., 255., 127., 0., 0., 0., 0.,
       127., 255., 255., 127., 255., 197., 0., 0., 0., 0., 255., 255.,
       255., 0., 70., 255., 255., 115., 185., 255., 127., 255., 255., 0.,
       0., 0., 0., 0., 0., 0., 127., 255., 127., 0., 0., 0., 0., 0., 0.,
       0., 255., 255., 0., 0., 0., 0., 0., 0., 0., 146., 255., 108., 0.,
       0., 121., 255., 255., 255., 249., 242., 0., 0., 0., 0., 0., 242.,
       255., 255., 255., 255., 242., 0., 0., 0., 236., 255., 0., 0., 0.,
       0., 255., 255., 108., 127., 255., 127., 0., 0., 0., 0., 32., 255.,
       223., 255., 255., 0., 0., 0., 0., 0., 0., 255., 255., 255., 255.,
       0., 0., 0., 0., 0., 0., 255., 255., 255., 255., 0., 0., 0., 0.,
       0., 0., 255., 255., 255., 255., 0., 0., 0., 0., 0., 0., 255.,
       255., 223., 255., 127., 0., 0., 0., 0., 32., 255., 127., 108.,
       255., 255., 0., 0., 0., 0., 255., 236., 0., 0., 0., 242., 255.,
       255., 134., 255., 242., 0., 0., 0., 0., 0., 121., 249., 255.,
       255., 249., 0., 0., 0., 0., 236., 255., 19., 0., 0., 0., 0., 0.,
       0., 255., 255., 32., 0., 0., 0., 0., 0., 0., 127., 255., 127., 0.,
       0., 0., 0., 0., 0., 0., 197., 255., 127., 197., 255., 255., 255.,
       255., 70., 0., 255., 255., 255., 0., 0., 0., 0., 255., 255., 127.,
       255., 255., 127., 0., 0., 0., 0., 127., 255., 255., 127., 255.,
       127., 0., 0., 0., 0., 127., 255., 223., 0., 255., 255., 0., 0.,
       0., 0., 255., 255., 108., 0., 0., 242., 255., 255., 255., 255.,
       242., 0., 0., 0., 0., 0., 0., 0., 0., 244., 255., 0., 0., 0., 0.,
       0., 0., 0., 219., 255., 255., 0., 0., 0., 0., 0., 0., 182., 242.,
       255., 255., 0., 0., 0., 0., 0., 217., 255., 0., 255., 255., 0.,
       0., 0., 0., 191., 136., 0., 0., 255., 255., 0., 0., 0., 166.,
       169., 0., 0., 0., 255., 255., 0., 0., 180., 255., 255., 255.,
       255., 255., 255., 255., 255., 255., 0., 0., 0., 0., 0., 0., 255.,
       255., 0., 0., 0., 0., 0., 0., 0., 0., 255., 255., 0., 0., 0., 0.,
       0., 0., 0., 0., 255., 255., 0., 0., 0., 0., 0., 0., 0., 0., 255.,
       255., 0., 0., 0., 0., 0., 0., 0., 255., 255., 255., 0., 0., 0.,
       0., 0., 0., 242., 61., 255., 255., 0., 0., 0., 0., 0., 241., 98.,
       0., 255., 255., 0., 0., 0., 0., 226., 136., 0., 0., 255., 255.,
       0., 0., 0., 206., 169., 0., 0., 0., 255., 255., 0., 0., 180.,
       255., 255., 255., 255., 255., 255., 255., 255., 215., 0., 0., 0.,
       0., 0., 0., 255., 207., 0., 0., 0., 0., 0., 0., 0., 0., 255.,
       255., 0., 0., 0., 0., 0., 0., 0., 12., 255., 255., 0., 0., 0., 0.,
       242., 255., 255., 255., 255., 242., 0., 0., 0., 236., 255., 19.,
       0., 0., 19., 255., 255., 0., 0., 255., 255., 0., 0., 0., 0., 255.,
       255., 0., 0., 172., 255., 83., 0., 0., 83., 255., 172., 0., 0.,
       0., 197., 255., 255., 255., 255., 140., 0., 0., 57., 255., 255.,
       0., 0., 0., 70., 255., 255., 57., 255., 255., 127., 0., 0., 0.,
       0., 127., 255., 255., 255., 255., 127., 0., 0., 0., 0., 127.,
       255., 223., 127., 255., 146., 0., 0., 0., 0., 255., 255., 108.,
       0., 121., 249., 255., 255., 255., 255., 242., 0., 0., 0., 0.,
       182., 253., 255., 255., 255., 182., 0., 0., 0., 242., 255., 6.,
       0., 0., 6., 255., 242., 0., 140., 255., 64., 0., 0., 0., 0., 112.,
       255., 140., 140., 255., 64., 0., 0., 0., 0., 64., 255., 215.,
       255., 255., 0., 0., 0., 0., 0., 64., 255., 255., 255., 255., 0.,
       0., 0., 0., 0., 29., 255., 255., 255., 255., 64., 0., 0., 0., 0.,
       64., 255., 140., 140., 255., 64., 0., 0., 0., 0., 112., 255.,
       105., 0., 255., 255., 6., 0., 0., 6., 255., 166., 0., 0., 0.,
       242., 255., 255., 255., 253., 182., 0., 0., 0., 0., 121., 255.,
       255., 255., 255., 242., 0., 0., 0., 236., 255., 19., 0., 0., 19.,
       255., 255., 0., 0., 255., 255., 0., 0., 0., 0., 255., 255., 0.,
       0., 172., 255., 83., 0., 0., 83., 255., 172., 0., 0., 0., 127.,
       255., 255., 255., 255., 197., 0., 0., 57., 255., 255., 0., 0., 0.,
       70., 255., 255., 57., 255., 255., 127., 0., 0., 0., 0., 127.,
       255., 255., 255., 255., 127., 0., 0., 0., 0., 127., 255., 255.,
       127., 255., 146., 0., 0., 0., 0., 255., 255., 108., 0., 121.,
       249., 255., 255., 255., 255., 242., 0., 0., 0., 0., 0., 0., 0.,
       0., 244., 255., 166., 0., 0., 0., 0., 0., 0., 219., 255., 255.,
       166., 0., 0., 0., 0., 0., 182., 245., 201., 255., 41., 0., 0., 0.,
       0., 141., 255., 0., 179., 255., 0., 0., 0., 0., 105., 255., 0.,
       0., 157., 255., 0., 0., 0., 75., 255., 0., 0., 0., 157., 255., 0.,
       0., 140., 255., 255., 255., 255., 255., 255., 255., 255., 255.,
       0., 0., 0., 0., 0., 0., 92., 255., 0., 0., 0., 0., 0., 0., 0., 0.,
       70., 255., 0., 0., 0., 0., 0., 0., 0., 0., 255., 255., 157., 0.,
       0., 0., 61., 255., 255., 255., 255., 255., 85., 0., 0., 230.,
       201., 0., 0., 0., 0., 201., 255., 115., 0., 0., 48., 0., 0., 0.,
       0., 191., 255., 255., 0., 0., 0., 0., 0., 0., 0., 191., 255.,
       164., 0., 0., 0., 0., 0., 0., 0., 255., 255., 52., 0., 0., 0., 0.,
       0., 0., 234., 255., 49., 0., 0., 0., 0., 0., 13., 255., 179., 0.,
       0., 0., 0., 0., 0., 92., 252., 10., 0., 0., 0., 0., 0., 13., 255.,
       217., 36., 36., 38., 29., 38., 38., 122., 255., 255., 255., 255.,
       255., 255., 255., 255., 255., 0., 0., 121., 255., 255., 255.,
       255., 249., 0., 0., 0., 236., 255., 19., 0., 0., 0., 255., 255.,
       0., 0., 255., 255., 0., 0., 0., 0., 255., 255., 127., 0., 172.,
       255., 127., 0., 0., 83., 255., 172., 0., 0., 0., 70., 255., 255.,
       255., 255., 197., 0., 0., 0., 255., 255., 70., 0., 0., 0., 255.,
       255., 127., 127., 255., 127., 0., 0., 0., 0., 127., 255., 255.,
       223., 255., 127., 0., 0., 0., 0., 32., 255., 255., 108., 255.,
       255., 0., 0., 0., 0., 146., 255., 108., 0., 0., 249., 255., 255.,
       255., 255., 249., 0., 0., 0., 0., 245., 255., 255., 255., 255.,
       242., 0., 0., 98., 255., 201., 0., 0., 0., 0., 201., 255., 98.,
       255., 255., 0., 0., 0., 0., 0., 0., 255., 255., 255., 255., 0.,
